date,1. open,2. high,3. low,4. close,5. volume
2020-02-14 16:00:00,324.97,325.02,324.69,324.95,843211.0
2020-02-14 15:55:00,324.49,324.99,324.26,324.97,583517.0
2020-02-14 15:50:00,324.18,324.5,324.18,324.46,323942.0
2020-02-14 15:45:00,324.11,324.19,323.94,324.16,147183.0
2020-02-14 15:40:00,323.81,324.16,323.81,324.12,169389.0
2020-02-14 15:35:00,323.72,323.85,323.6127,323.82,157822.0
2020-02-14 15:30:00,323.84,323.966,323.75,323.75,142333.0
2020-02-14 15:25:00,323.92,324.01,323.73,323.86,222614.0
2020-02-14 15:20:00,324.09,324.145,323.93,323.93,171517.0
2020-02-14 15:15:00,324.365,324.41,324.04,324.0662,174112.0
2020-02-14 15:10:00,324.25,324.46,324.235,324.35,106253.0
2020-02-14 15:05:00,324.46,324.53,324.2,324.21,114913.0
2020-02-14 15:00:00,324.14,324.5,324.13,324.47,123824.0
2020-02-14 14:55:00,324.145,324.25,324.041,324.12,92263.0
2020-02-14 14:50:00,324.3399,324.3399,324.02,324.147,103071.0
2020-02-14 14:45:00,324.548,324.548,324.2001,324.34,100725.0
2020-02-14 14:40:00,324.2057,324.6225,324.15,324.5448,288595.0
2020-02-14 14:35:00,324.12,324.23,323.9,324.19,174554.0
2020-02-14 14:30:00,323.97,324.26,323.94,324.13,158925.0
2020-02-14 14:25:00,323.58,323.99,323.5688,323.95,206834.0
2020-02-14 14:20:00,323.86,323.881,323.439,323.57,297070.0
2020-02-14 14:15:00,324.27,324.34,323.863,323.863,141054.0
2020-02-14 14:10:00,324.42,324.44,324.12,324.26,121171.0
2020-02-14 14:05:00,324.081,324.47,324.0397,324.4323,140154.0
2020-02-14 14:00:00,324.32,324.35,323.97,324.09,173857.0
2020-02-14 13:55:00,324.43,324.57,324.22,324.3,117428.0
2020-02-14 13:50:00,324.72,324.76,324.33,324.4083,109801.0
2020-02-14 13:45:00,324.628,324.83,324.5953,324.74,73144.0
2020-02-14 13:40:00,324.55,324.83,324.5333,324.6,121976.0
2020-02-14 13:35:00,324.23,324.53,324.215,324.53,97094.0
2020-02-14 13:30:00,324.51,324.53,324.19,324.24,133204.0
2020-02-14 13:25:00,324.51,324.6,324.43,324.54,146797.0
2020-02-14 13:20:00,324.91,324.9554,324.5,324.5092,160653.0
2020-02-14 13:15:00,324.52,325.09,324.515,324.905,246251.0
2020-02-14 13:10:00,324.7351,324.77,324.45,324.52,305517.0
2020-02-14 13:05:00,324.2,324.75,323.96,324.7202,260956.0
2020-02-14 13:00:00,324.23,324.29,324.03,324.2,148959.0
2020-02-14 12:55:00,324.32,324.334,324.0492,324.21,99730.0
2020-02-14 12:50:00,324.36,324.48,324.31,324.3108,103751.0
2020-02-14 12:45:00,324.66,324.66,324.28,324.3559,107050.0
2020-02-14 12:40:00,324.63,324.645,324.523,324.6445,90156.0
2020-02-14 12:35:00,324.5168,324.66,324.46,324.65,86638.0
2020-02-14 12:30:00,324.645,324.7,324.5,324.52,131602.0
2020-02-14 12:25:00,324.6685,324.9846,324.4941,324.6585,215586.0
2020-02-14 12:20:00,324.64,324.827,324.45,324.65,137215.0
2020-02-14 12:15:00,324.71,324.81,324.64,324.64,119309.0
2020-02-14 12:10:00,324.72,324.835,324.59,324.72,145032.0
2020-02-14 12:05:00,324.97,325.03,324.7,324.7,71827.0
2020-02-14 12:00:00,324.94,325.092,324.896,325.0,140203.0
2020-02-14 11:55:00,324.72,325.04,324.7,324.94,172196.0
2020-02-14 11:50:00,325.0146,325.105,324.69,324.6901,275128.0
2020-02-14 11:45:00,324.71,324.9899,324.625,324.812,114529.0
2020-02-14 11:40:00,324.85,324.89,324.6557,324.7,177982.0
2020-02-14 11:35:00,325.08,325.08,324.8146,324.85,202238.0
2020-02-14 11:30:00,325.2716,325.2716,324.96,325.0999,177122.0
2020-02-14 11:25:00,325.615,325.64,325.19,325.2883,137152.0
2020-02-14 11:20:00,325.6,325.66,325.495,325.6044,114023.0
2020-02-14 11:15:00,325.24,325.665,325.23,325.59,156826.0
2020-02-14 11:10:00,325.32,325.43,325.02,325.23,272816.0
2020-02-14 11:05:00,325.74,325.88,325.235,325.31,214389.0
2020-02-14 11:00:00,325.48,325.94,325.48,325.73,367300.0
2020-02-14 10:55:00,325.23,325.74,325.23,325.47,303608.0
2020-02-14 10:50:00,325.19,325.25,325.01,325.23,238568.0
2020-02-14 10:45:00,325.06,325.32,324.95,325.1743,232195.0
2020-02-14 10:40:00,324.8,325.18,324.63,325.05,280811.0
2020-02-14 10:35:00,324.94,325.01,324.74,324.8004,282266.0
2020-02-14 10:30:00,324.27,324.928,324.246,324.9276,392206.0
2020-02-14 10:25:00,324.11,324.4607,324.0806,324.2701,383282.0
2020-02-14 10:20:00,323.26,324.15,323.08,324.115,353083.0
2020-02-14 10:15:00,323.913,324.2603,323.1593,323.2773,472857.0
2020-02-14 10:10:00,323.94,324.1106,323.77,323.9,209050.0
2020-02-14 10:05:00,323.9435,324.2,323.72,323.9732,412159.0
2020-02-14 10:00:00,324.22,324.27,323.53,323.95,380025.0
2020-02-14 09:55:00,324.4201,324.47,324.07,324.3458,381147.0
2020-02-14 09:50:00,324.52,324.84,324.51,324.5102,297383.0
2020-02-14 09:45:00,325.3461,325.37,324.51,324.51,424331.0
2020-02-14 09:40:00,325.86,326.151,325.3219,325.3826,464448.0
2020-02-14 09:35:00,324.74,325.89,324.56,325.8022,1022372.0
2020-02-13 16:00:00,324.96,325.05,324.82,324.91,508317.0
2020-02-13 15:55:00,324.76,325.15,324.613,324.97,396522.0
2020-02-13 15:50:00,324.7785,324.873,324.49,324.7635,205130.0
2020-02-13 15:45:00,324.96,325.1498,324.52,324.79,266503.0
2020-02-13 15:40:00,324.9,324.965,324.723,324.965,171264.0
2020-02-13 15:35:00,325.22,325.3,324.67,324.91,241606.0
2020-02-13 15:30:00,325.0595,325.215,324.9,325.215,143302.0
2020-02-13 15:25:00,325.005,325.2548,324.97,325.04,158001.0
2020-02-13 15:20:00,324.98,325.182,324.94,325.0,158419.0
2020-02-13 15:15:00,325.51,325.6,324.96,324.9601,181421.0
2020-02-13 15:10:00,325.28,325.5,325.14,325.5,212566.0
2020-02-13 15:05:00,326.037,326.18,325.23,325.28,273313.0
2020-02-13 15:00:00,325.98,326.18,325.98,326.03,179646.0
2020-02-13 14:55:00,325.9045,325.99,325.859,325.98,131525.0
2020-02-13 14:50:00,325.82,325.9361,325.74,325.89,94928.0
2020-02-13 14:45:00,325.91,325.9526,325.69,325.81,116761.0
2020-02-13 14:40:00,325.82,325.97,325.79,325.9,114069.0
2020-02-13 14:35:00,325.55,325.85,325.51,325.83,148124.0
2020-02-13 14:30:00,325.52,325.592,325.35,325.5,107770.0
2020-02-13 14:25:00,325.43,325.59,325.41,325.51,135959.0
2020-02-13 14:20:00,325.6735,325.73,325.15,325.43,246614.0
2020-02-13 14:15:00,325.51,325.72,325.44,325.632,146296.0
2020-02-13 14:10:00,325.975,326.03,325.5,325.5,156048.0
2020-02-13 14:05:00,325.76,325.98,325.695,325.9709,194774.0
2020-02-13 14:00:00,325.55,326.1,325.55,325.75,196409.0
2020-02-13 13:55:00,325.68,325.72,325.51,325.51,145297.0
2020-02-13 13:50:00,325.63,325.86,325.59,325.67,211751.0
2020-02-13 13:45:00,325.49,325.6799,325.42,325.62,181548.0
2020-02-13 13:40:00,325.35,325.53,325.3,325.4974,100094.0
2020-02-13 13:35:00,325.23,325.4756,325.03,325.38,113316.0
2020-02-13 13:30:00,324.8345,325.28,324.8345,325.25,166040.0
2020-02-13 13:25:00,325.21,325.39,324.79,324.86,182263.0
2020-02-13 13:20:00,324.67,325.24,324.4,325.22,222406.0
2020-02-13 13:15:00,324.74,324.885,324.58,324.69,144620.0
2020-02-13 13:10:00,324.73,324.84,324.7,324.75,146714.0
2020-02-13 13:05:00,324.65,325.06,324.54,324.76,193378.0
2020-02-13 13:00:00,325.3,325.35,324.41,324.62,315342.0
2020-02-13 12:55:00,325.28,325.55,325.27,325.3,97275.0
2020-02-13 12:50:00,325.2399,325.49,325.1459,325.29,154667.0
2020-02-13 12:45:00,325.27,325.33,325.11,325.21,142735.0
2020-02-13 12:40:00,325.5999,325.5999,325.15,325.2737,170172.0
2020-02-13 12:35:00,325.59,325.8001,325.5069,325.58,137190.0
2020-02-13 12:30:00,325.76,325.77,325.54,325.594,172167.0
2020-02-13 12:25:00,326.07,326.09,325.66,325.765,211129.0
2020-02-13 12:20:00,325.8258,326.22,325.73,326.07,343410.0
2020-02-13 12:15:00,325.58,325.89,325.4,325.829,220137.0
2020-02-13 12:10:00,325.2775,325.62,325.2775,325.545,155744.0
2020-02-13 12:05:00,324.98,325.55,324.9201,325.3,241347.0
2020-02-13 12:00:00,324.94,325.26,324.93,324.99,183692.0
2020-02-13 11:55:00,324.9002,325.1,324.8601,324.96,105360.0
2020-02-13 11:50:00,325.08,325.177,324.792,324.9,156025.0
2020-02-13 11:45:00,325.1071,325.133,324.96,325.11,129774.0
2020-02-13 11:40:00,325.4405,325.53,324.951,325.1164,330542.0
2020-02-13 11:35:00,325.29,325.6232,325.27,325.43,155693.0
2020-02-13 11:30:00,325.54,325.61,325.3,325.3,292200.0
2020-02-13 11:25:00,325.41,325.68,325.41,325.57,180313.0
2020-02-13 11:20:00,325.3321,325.7423,325.3219,325.4117,150501.0
2020-02-13 11:15:00,324.99,325.47,324.98,325.31,214662.0
2020-02-13 11:10:00,325.52,325.52,324.99,324.99,221762.0
2020-02-13 11:05:00,325.34,325.6,325.26,325.5139,340733.0
2020-02-13 11:00:00,325.31,325.4,325.145,325.33,308879.0
2020-02-13 10:55:00,324.7,325.31,324.6101,325.24,401672.0
2020-02-13 10:50:00,324.5,324.92,324.43,324.69,352241.0
2020-02-13 10:45:00,323.71,324.5244,323.54,324.4897,362541.0
2020-02-13 10:40:00,324.1364,324.29,323.6,323.71,313997.0
2020-02-13 10:35:00,324.0003,324.5581,323.9618,324.1503,353826.0
2020-02-13 10:30:00,324.4117,324.7064,323.8806,324.0017,521179.0
2020-02-13 10:25:00,324.935,324.935,324.25,324.39,369097.0
2020-02-13 10:20:00,325.1,325.15,324.92,324.9201,307360.0
2020-02-13 10:15:00,324.74,325.27,324.7393,325.1209,426998.0
2020-02-13 10:10:00,324.47,325.1809,324.37,324.77,350141.0
2020-02-13 10:05:00,324.6455,325.2761,324.4854,324.4874,541762.0
2020-02-13 10:00:00,325.84,325.92,324.5,324.63,564854.0
2020-02-13 09:55:00,325.13,325.681,325.12,325.6807,489632.0
2020-02-13 09:50:00,325.2419,325.62,324.92,325.02,692974.0
2020-02-13 09:45:00,325.03,325.48,325.0236,325.21,474774.0
2020-02-13 09:40:00,325.4,325.4,324.87,324.9,672403.0
2020-02-13 09:35:00,323.402,325.2,323.39,325.1813,2492380.0
2020-02-12 16:00:00,327.14,327.2,326.95,327.2,1302750.0
2020-02-12 15:55:00,326.27,327.15,326.2541,327.14,1041122.0
2020-02-12 15:50:00,325.99,326.51,325.965,326.2699,716769.0
2020-02-12 15:45:00,325.85,326.0,325.8301,325.9912,443779.0
2020-02-12 15:40:00,325.6332,325.94,325.55,325.83,411762.0
2020-02-12 15:35:00,325.39,325.65,325.2,325.64,316137.0
2020-02-12 15:30:00,325.26,325.43,325.22,325.4,227351.0
2020-02-12 15:25:00,325.0552,325.3149,325.0,325.26,180521.0
2020-02-12 15:20:00,325.0,325.055,324.9,325.055,208991.0
2020-02-12 15:15:00,325.3635,325.3798,324.96,325.01,350404.0
2020-02-12 15:10:00,325.37,325.427,325.335,325.3635,141308.0
2020-02-12 15:05:00,325.27,325.44,325.1,325.385,170775.0
2020-02-12 15:00:00,325.32,325.365,325.15,325.26,169492.0
2020-02-12 14:55:00,325.3711,325.49,325.32,325.33,259740.0
2020-02-12 14:50:00,324.9902,325.45,324.9902,325.3724,213013.0
2020-02-12 14:45:00,325.04,325.198,325.003,325.0032,167812.0
2020-02-12 14:40:00,324.91,325.14,324.88,325.0225,113483.0
2020-02-12 14:35:00,324.9562,325.02,324.899,324.8993,110363.0
2020-02-12 14:30:00,325.19,325.28,324.94,324.96,132985.0
2020-02-12 14:25:00,324.8971,325.25,324.8797,325.18,165770.0
2020-02-12 14:20:00,324.79,325.0,324.73,324.895,151596.0
2020-02-12 14:15:00,325.09,325.17,324.74,324.8037,169738.0
2020-02-12 14:10:00,325.05,325.22,324.99,325.095,116453.0
2020-02-12 14:05:00,325.13,325.34,325.06,325.06,674336.0
2020-02-12 14:00:00,324.88,325.28,324.86,325.15,156772.0
2020-02-12 13:55:00,324.95,324.96,324.86,324.8959,143019.0
2020-02-12 13:50:00,325.07,325.14,324.87,324.95,100847.0
2020-02-12 13:45:00,325.155,325.18,324.98,325.08,105826.0
2020-02-12 13:40:00,325.05,325.18,324.92,325.15,130499.0
2020-02-12 13:35:00,325.1105,325.2,324.98,325.03,127510.0
2020-02-12 13:30:00,324.87,325.17,324.81,325.1,147391.0
2020-02-12 13:25:00,325.17,325.18,324.7626,324.88,153301.0
2020-02-12 13:20:00,324.9162,325.24,324.89,325.1387,182478.0
2020-02-12 13:15:00,324.88,324.96,324.68,324.92,238989.0
2020-02-12 13:10:00,325.08,325.21,324.759,324.87,293178.0
2020-02-12 13:05:00,325.3,325.3,325.065,325.0654,250223.0
2020-02-12 13:00:00,325.21,325.33,325.11,325.29,222824.0
2020-02-12 12:55:00,325.3139,325.4,325.11,325.185,304487.0
2020-02-12 12:50:00,325.0,325.32,324.925,325.3199,589518.0
2020-02-12 12:45:00,324.86,324.99,324.814,324.99,197663.0
2020-02-12 12:40:00,324.905,324.96,324.76,324.8601,195841.0
2020-02-12 12:35:00,324.7904,324.96,324.63,324.91,244400.0
2020-02-12 12:30:00,324.62,324.8,324.585,324.8,207149.0
2020-02-12 12:25:00,324.505,324.67,324.4,324.6144,140093.0
2020-02-12 12:20:00,324.3696,324.59,324.3145,324.5124,140211.0
2020-02-12 12:15:00,324.333,324.7108,324.3104,324.3812,183294.0
2020-02-12 12:10:00,324.49,324.55,324.27,324.3113,148697.0
2020-02-12 12:05:00,324.38,324.69,324.37,324.46,264337.0
2020-02-12 12:00:00,324.46,324.49,324.24,324.39,126546.0
2020-02-12 11:55:00,324.25,324.5,324.17,324.44,168680.0
2020-02-12 11:50:00,324.0405,324.6055,324.025,324.2638,234063.0
2020-02-12 11:45:00,324.4342,324.57,324.036,324.0364,287859.0
2020-02-12 11:40:00,324.28,324.52,324.265,324.43,203593.0
2020-02-12 11:35:00,324.18,324.389,324.0816,324.29,295797.0
2020-02-12 11:30:00,324.54,324.64,324.09,324.16,345279.0
2020-02-12 11:25:00,324.39,324.53,324.13,324.53,445943.0
2020-02-12 11:20:00,323.82,324.42,323.82,324.38,548177.0
2020-02-12 11:15:00,323.825,323.89,323.77,323.8101,294438.0
2020-02-12 11:10:00,323.34,323.89,323.3,323.8297,375737.0
2020-02-12 11:05:00,323.27,323.42,323.17,323.34,217208.0
2020-02-12 11:00:00,323.39,323.51,323.07,323.24,217366.0
2020-02-12 10:55:00,323.3,323.44,323.1182,323.4132,226389.0
2020-02-12 10:50:00,323.191,323.34,323.17,323.29,313047.0
2020-02-12 10:45:00,323.1403,323.6572,323.1067,323.1803,335632.0
2020-02-12 10:40:00,322.52,323.13,322.52,323.115,275180.0
2020-02-12 10:35:00,322.36,322.7,322.3,322.52,264127.0
2020-02-12 10:30:00,322.625,322.68,322.3,322.36,267081.0
2020-02-12 10:25:00,322.9,323.117,322.61,322.63,358782.0
2020-02-12 10:20:00,322.5939,322.94,322.5,322.89,278012.0
2020-02-12 10:15:00,322.5271,322.8,322.48,322.6,401378.0
2020-02-12 10:10:00,322.98,323.185,322.56,322.56,351673.0
2020-02-12 10:05:00,323.49,323.54,322.985,322.9852,440449.0
2020-02-12 10:00:00,322.89,323.52,322.85,323.46,406315.0
2020-02-12 09:55:00,322.7,323.009,322.667,322.88,385201.0
2020-02-12 09:50:00,323.0,323.148,322.65,322.73,426816.0
2020-02-12 09:45:00,323.65,323.86,322.97,322.9702,728267.0
2020-02-12 09:40:00,323.0945,323.59,322.9493,323.59,705521.0
2020-02-12 09:35:00,321.665,323.16,321.53,322.9996,1709032.0
2020-02-11 16:00:00,319.57,319.61,319.2,319.61,711850.0
2020-02-11 15:55:00,318.91,319.64,318.7599,319.62,511239.0
2020-02-11 15:50:00,319.3976,319.46,318.81,318.889,334710.0
2020-02-11 15:45:00,319.1472,319.66,319.04,319.385,389446.0
2020-02-11 15:40:00,318.85,319.21,318.8293,319.1477,222943.0
2020-02-11 15:35:00,319.1899,319.39,318.7798,318.84,332007.0
2020-02-11 15:30:00,319.3032,319.312,319.0,319.18,275170.0
2020-02-11 15:25:00,318.89,319.35,318.75,319.29,428224.0
2020-02-11 15:20:00,319.3514,319.57,318.71,318.8899,527722.0
2020-02-11 15:15:00,320.09,320.19,319.3,319.33,378095.0
2020-02-11 15:10:00,320.19,320.57,320.086,320.0862,309234.0
2020-02-11 15:05:00,320.7,321.0,320.195,320.2225,198158.0
2020-02-11 15:00:00,320.97,321.05,320.54,320.68,164458.0
2020-02-11 14:55:00,321.1141,321.13,320.92,320.99,122825.0
2020-02-11 14:50:00,321.08,321.16,320.87,321.1,113793.0
2020-02-11 14:45:00,321.2463,321.4928,320.8023,321.0963,300935.0
2020-02-11 14:40:00,321.0,321.24,320.99,321.23,194123.0
2020-02-11 14:35:00,320.7284,321.3611,320.7105,320.9774,245280.0
2020-02-11 14:30:00,320.5504,320.77,320.3,320.6904,300024.0
2020-02-11 14:25:00,320.86,321.28,320.52,320.58,322830.0
2020-02-11 14:20:00,320.97,321.11,320.71,320.8165,247398.0
2020-02-11 14:15:00,321.3417,321.39,320.9,320.9782,286624.0
2020-02-11 14:10:00,321.3471,321.7586,321.3182,321.3616,250395.0
2020-02-11 14:05:00,321.8,321.86,321.2,321.3236,210355.0
2020-02-11 14:00:00,321.54,321.98,321.54,321.78,188598.0
2020-02-11 13:55:00,322.41,322.41,321.47,321.4901,298931.0
2020-02-11 13:50:00,322.435,322.47,322.41,322.4299,73445.0
2020-02-11 13:45:00,322.23,322.44,322.22,322.44,75712.0
2020-02-11 13:40:00,322.34,322.35,322.25,322.25,75646.0
2020-02-11 13:35:00,322.43,322.66,322.29,322.31,80683.0
2020-02-11 13:30:00,322.19,322.484,322.19,322.4201,107275.0
2020-02-11 13:25:00,322.52,322.55,322.194,322.2,95345.0
2020-02-11 13:20:00,322.75,322.758,322.45,322.515,121733.0
2020-02-11 13:15:00,322.775,322.89,322.74,322.7401,157527.0
2020-02-11 13:10:00,322.72,322.9199,322.685,322.76,128462.0
2020-02-11 13:05:00,322.7135,322.783,322.455,322.7635,136729.0
2020-02-11 13:00:00,322.56,322.73,322.495,322.69,160455.0
2020-02-11 12:55:00,322.29,322.551,322.18,322.5509,110259.0
2020-02-11 12:50:00,322.28,322.5635,322.24,322.29,140752.0
2020-02-11 12:45:00,322.38,322.48,322.16,322.29,138435.0
2020-02-11 12:40:00,321.8952,322.6792,321.8885,322.3853,258070.0
2020-02-11 12:35:00,322.04,322.08,321.86,321.91,130885.0
2020-02-11 12:30:00,322.14,322.19,322.028,322.028,111273.0
2020-02-11 12:25:00,322.08,322.1749,321.87,322.13,93735.0
2020-02-11 12:20:00,321.76,322.14,321.72,322.07,191699.0
2020-02-11 12:15:00,321.68,321.88,321.61,321.77,124939.0
2020-02-11 12:10:00,322.0,322.01,321.6677,321.6994,157053.0
2020-02-11 12:05:00,321.97,322.4,321.83,322.0456,193924.0
2020-02-11 12:00:00,322.1,322.3,321.76,321.96,192549.0
2020-02-11 11:55:00,322.1,322.213,322.08,322.0861,147948.0
2020-02-11 11:50:00,322.14,322.17,321.97,322.0983,176653.0
2020-02-11 11:45:00,321.5902,322.456,321.3249,322.1502,456228.0
2020-02-11 11:40:00,322.09,322.2301,321.37,321.5497,451596.0
2020-02-11 11:35:00,322.47,322.562,321.99,322.08,316018.0
2020-02-11 11:30:00,322.63,322.704,322.464,322.47,148180.0
2020-02-11 11:25:00,322.81,322.825,322.48,322.65,189229.0
2020-02-11 11:20:00,322.56,322.81,322.44,322.81,218233.0
2020-02-11 11:15:00,322.79,322.96,322.5,322.5162,191443.0
2020-02-11 11:10:00,322.86,322.87,322.795,322.82,123099.0
2020-02-11 11:05:00,322.81,323.06,322.7532,322.87,177288.0
2020-02-11 11:00:00,322.78,322.921,322.76,322.83,212842.0
2020-02-11 10:55:00,323.0801,323.0801,322.5,322.73,341351.0
2020-02-11 10:50:00,323.1901,323.28,322.821,323.05,309109.0
2020-02-11 10:45:00,322.65,323.24,322.65,323.2,429520.0
2020-02-11 10:40:00,322.17,322.84,322.15,322.65,339627.0
2020-02-11 10:35:00,322.1898,322.426,322.13,322.18,276909.0
2020-02-11 10:30:00,321.89,322.21,321.85,322.1936,202549.0
2020-02-11 10:25:00,322.0,322.12,321.885,321.91,191245.0
2020-02-11 10:20:00,322.1201,322.34,321.8,321.98,346098.0
2020-02-11 10:15:00,321.91,322.12,321.74,322.12,315722.0
2020-02-11 10:10:00,321.66,322.13,321.6,321.94,303334.0
2020-02-11 10:05:00,321.7301,322.41,321.64,321.71,367023.0
2020-02-11 10:00:00,322.46,322.55,321.77,321.77,437090.0
2020-02-11 09:55:00,322.95,322.95,322.2201,322.3801,363596.0
2020-02-11 09:50:00,322.175,322.96,322.175,322.96,478533.0
2020-02-11 09:45:00,322.22,322.267,321.96,322.16,677045.0
2020-02-11 09:40:00,322.11,322.68,322.03,322.65,693305.0
2020-02-11 09:35:00,323.6,323.9,322.2058,322.2058,1720779.0
2020-02-10 16:00:00,321.16,321.56,321.02,321.54,956847.0
2020-02-10 15:55:00,320.67,321.15,320.608,321.15,575680.0
2020-02-10 15:50:00,320.9527,321.07,320.7201,320.7899,327579.0
2020-02-10 15:45:00,320.845,321.02,320.83,320.95,201731.0
2020-02-10 15:40:00,321.13,321.2,320.76,320.8474,212017.0
2020-02-10 15:35:00,321.27,321.29,320.96,321.1051,252880.0
2020-02-10 15:30:00,320.79,321.33,320.74,321.268,258678.0
2020-02-10 15:25:00,320.83,320.88,320.7,320.77,217040.0
2020-02-10 15:20:00,320.91,321.16,320.82,320.8277,313742.0
2020-02-10 15:15:00,320.8654,320.98,320.77,320.9,305075.0
2020-02-10 15:10:00,320.65,320.876,320.64,320.87,184691.0
2020-02-10 15:05:00,320.6454,320.8,320.63,320.63,279250.0
2020-02-10 15:00:00,320.23,320.79,320.22,320.66,345316.0
2020-02-10 14:55:00,320.232,320.27,320.108,320.2199,264342.0
2020-02-10 14:50:00,319.76,320.3273,319.71,320.2349,301227.0
2020-02-10 14:45:00,319.6,319.74,319.492,319.74,101178.0
2020-02-10 14:40:00,319.7598,319.8,319.53,319.6225,94651.0
2020-02-10 14:35:00,319.8577,319.9341,319.5893,319.7699,103838.0
2020-02-10 14:30:00,319.9119,319.95,319.72,319.8483,97477.0
2020-02-10 14:25:00,319.5777,319.92,319.52,319.892,88645.0
2020-02-10 14:20:00,319.55,319.8,319.51,319.58,167280.0
2020-02-10 14:15:00,319.22,319.555,319.2008,319.5466,113002.0
2020-02-10 14:10:00,319.17,319.3,319.14,319.23,109017.0
2020-02-10 14:05:00,319.36,319.36,319.01,319.2,147672.0
2020-02-10 14:00:00,319.44,319.7,319.35,319.36,122572.0
2020-02-10 13:55:00,319.4125,319.53,319.38,319.45,127441.0
2020-02-10 13:50:00,319.51,319.58,319.24,319.39,130130.0
2020-02-10 13:45:00,319.79,319.87,319.4,319.4966,107576.0
2020-02-10 13:40:00,319.87,319.88,319.68,319.79,85734.0
2020-02-10 13:35:00,319.64,319.93,319.62,319.8899,96667.0
2020-02-10 13:30:00,319.87,319.87,319.58,319.66,120764.0
2020-02-10 13:25:00,319.87,319.94,319.82,319.87,102973.0
2020-02-10 13:20:00,319.85,319.95,319.83,319.88,181373.0
2020-02-10 13:15:00,319.5528,319.9,319.5,319.83,138555.0
2020-02-10 13:10:00,319.6364,319.8816,319.5513,319.5605,102443.0
2020-02-10 13:05:00,319.385,319.7,319.385,319.63,135615.0
2020-02-10 13:00:00,319.33,319.46,319.29,319.39,72870.0
2020-02-10 12:55:00,319.28,319.66,319.27,319.29,109899.0
2020-02-10 12:50:00,319.39,319.46,319.1755,319.28,91439.0
2020-02-10 12:45:00,319.426,319.4692,319.2492,319.36,105144.0
2020-02-10 12:40:00,319.0515,319.7768,319.0261,319.4115,179979.0
2020-02-10 12:35:00,319.2385,319.4628,319.07,319.08,175554.0
2020-02-10 12:30:00,318.72,319.28,318.72,319.211,151455.0
2020-02-10 12:25:00,318.77,318.85,318.72,318.72,155108.0
2020-02-10 12:20:00,318.9801,319.09,318.7257,318.78,196563.0
2020-02-10 12:15:00,318.7198,319.07,318.65,319.04,182840.0
2020-02-10 12:10:00,318.27,318.85,318.16,318.7092,216129.0
2020-02-10 12:05:00,318.9068,318.92,318.2602,318.2602,290953.0
2020-02-10 12:00:00,319.08,319.16,318.9,318.9,216485.0
2020-02-10 11:55:00,319.4736,319.4736,319.01,319.05,208654.0
2020-02-10 11:50:00,319.51,319.847,319.47,319.47,223561.0
2020-02-10 11:45:00,319.94,319.95,319.46,319.5051,169389.0
2020-02-10 11:40:00,319.34,320.0,319.08,319.9242,286336.0
2020-02-10 11:35:00,319.82,320.1262,319.36,319.36,307826.0
2020-02-10 11:30:00,319.63,320.19,319.594,319.85,327349.0
2020-02-10 11:25:00,319.51,319.659,319.43,319.61,165065.0
2020-02-10 11:20:00,319.5134,319.8196,319.4793,319.5184,197679.0
2020-02-10 11:15:00,319.56,319.64,319.348,319.5,231921.0
2020-02-10 11:10:00,319.66,319.88,319.35,319.56,318660.0
2020-02-10 11:05:00,318.9426,319.98,318.917,319.67,339848.0
2020-02-10 11:00:00,319.22,319.31,318.68,318.94,278619.0
2020-02-10 10:55:00,319.51,319.6899,319.04,319.26,307458.0
2020-02-10 10:50:00,319.51,319.95,319.39,319.535,644695.0
2020-02-10 10:45:00,319.3932,319.8313,319.1167,319.5373,628315.0
2020-02-10 10:40:00,318.24,319.39,318.11,319.35,560593.0
2020-02-10 10:35:00,318.26,318.33,318.1,318.1735,255010.0
2020-02-10 10:30:00,318.12,318.243,317.91,318.2429,315683.0
2020-02-10 10:25:00,318.0052,318.229,317.86,318.1252,319506.0
2020-02-10 10:20:00,316.89,318.01,316.86,317.99,406933.0
2020-02-10 10:15:00,317.5114,317.795,316.8841,316.907,432581.0
2020-02-10 10:10:00,317.5301,317.9,317.07,317.4969,472157.0
2020-02-10 10:05:00,318.25,318.59,317.49,317.49,562839.0
2020-02-10 10:00:00,317.45,318.45,316.85,318.25,972967.0
2020-02-10 09:55:00,317.6043,317.69,317.08,317.3509,401328.0
2020-02-10 09:50:00,318.13,318.1425,317.4566,317.53,704379.0
2020-02-10 09:45:00,317.785,318.715,317.785,318.15,813843.0
2020-02-10 09:40:00,317.45,317.95,317.06,317.79,777569.0
2020-02-10 09:35:00,314.1913,317.7749,314.1416,317.4914,2896376.0
2020-02-07 16:00:00,319.75,320.08,319.69,320.04,1031691.0
2020-02-07 15:55:00,319.68,319.8985,319.46,319.7659,635620.0
2020-02-07 15:50:00,319.635,319.86,319.4522,319.65,396199.0
2020-02-07 15:45:00,319.03,319.88,318.97,319.6281,522083.0
2020-02-07 15:40:00,319.28,319.37,318.9,319.03,303797.0
2020-02-07 15:35:00,318.31,319.46,318.12,319.28,531595.0
2020-02-07 15:30:00,318.4375,318.7,318.234,318.3025,371740.0
2020-02-07 15:25:00,318.7403,319.1202,318.3094,318.4803,417705.0
2020-02-07 15:20:00,318.9084,319.3992,318.7285,318.7784,387715.0
2020-02-07 15:15:00,319.1951,319.23,318.78,318.96,344708.0
2020-02-07 15:10:00,319.455,319.5708,319.18,319.18,223966.0
2020-02-07 15:05:00,319.56,319.85,319.4,319.44,213378.0
2020-02-07 15:00:00,319.48,319.83,319.23,319.57,230847.0
2020-02-07 14:55:00,319.5728,320.0463,319.351,319.4776,252900.0
2020-02-07 14:50:00,319.9201,319.94,319.33,319.55,231949.0
2020-02-07 14:45:00,319.74,320.24,319.51,319.94,298912.0
2020-02-07 14:40:00,319.91,320.1,319.57,319.74,277772.0
2020-02-07 14:35:00,319.58,320.09,319.58,319.92,349162.0
2020-02-07 14:30:00,318.76,319.75,318.66,319.6075,457749.0
2020-02-07 14:25:00,319.3052,319.6065,318.6057,318.7352,633223.0
2020-02-07 14:20:00,319.41,319.95,319.25,319.32,363040.0
2020-02-07 14:15:00,319.8115,320.3774,319.1462,319.3915,555511.0
2020-02-07 14:10:00,320.53,320.6,319.5501,319.82,627965.0
2020-02-07 14:05:00,320.73,321.01,320.45,320.55,332006.0
2020-02-07 14:00:00,321.33,321.42,320.71,320.74,299392.0
2020-02-07 13:55:00,321.44,321.54,321.209,321.325,164403.0
2020-02-07 13:50:00,321.795,321.8,321.31,321.47,172906.0
2020-02-07 13:45:00,321.6972,321.89,321.55,321.7827,199697.0
2020-02-07 13:40:00,321.78,322.35,321.632,321.655,233046.0
2020-02-07 13:35:00,322.23,322.4458,321.73,321.795,218316.0
2020-02-07 13:30:00,322.15,322.33,322.07,322.2234,170807.0
2020-02-07 13:25:00,322.54,322.58,321.88,322.14,251727.0
2020-02-07 13:20:00,322.411,322.65,322.34,322.54,136132.0
2020-02-07 13:15:00,322.69,322.71,322.41,322.4222,128786.0
2020-02-07 13:10:00,322.6299,322.75,322.55,322.69,120243.0
2020-02-07 13:05:00,322.58,322.63,322.35,322.62,182121.0
2020-02-07 13:00:00,322.74,322.89,322.59,322.59,130988.0
2020-02-07 12:55:00,322.87,322.8701,322.5981,322.71,152191.0
2020-02-07 12:50:00,322.9304,323.05,322.83,322.8819,99206.0
2020-02-07 12:45:00,323.07,323.2299,322.85,322.89,154774.0
2020-02-07 12:40:00,323.03,323.1,322.91,323.066,126206.0
2020-02-07 12:35:00,323.23,323.2785,322.9801,323.01,133928.0
2020-02-07 12:30:00,323.24,323.33,323.14,323.24,100948.0
2020-02-07 12:25:00,323.11,323.4,323.06,323.235,201084.0
2020-02-07 12:20:00,323.0743,323.21,323.04,323.0901,168392.0
2020-02-07 12:15:00,322.94,323.0737,322.77,323.0737,127667.0
2020-02-07 12:10:00,322.78,323.1,322.77,322.9449,144435.0
2020-02-07 12:05:00,322.8503,322.94,322.72,322.78,121129.0
2020-02-07 12:00:00,322.73,323.06,322.73,322.84,170926.0
2020-02-07 11:55:00,322.66,322.74,322.44,322.7203,172902.0
2020-02-07 11:50:00,322.8728,322.895,322.42,322.67,181057.0
2020-02-07 11:45:00,322.95,323.015,322.79,322.8568,106846.0
2020-02-07 11:40:00,322.76,323.04,322.68,322.961,181154.0
2020-02-07 11:35:00,322.96,323.4,322.72,322.77,359257.0
2020-02-07 11:30:00,322.99,323.1327,322.9,322.9603,206074.0
2020-02-07 11:25:00,322.72,323.1,322.7,322.99,260039.0
2020-02-07 11:20:00,322.97,323.03,322.5,322.68,273011.0
2020-02-07 11:15:00,322.42,323.0482,322.2838,322.98,247986.0
2020-02-07 11:10:00,322.23,322.6025,322.1232,322.43,187278.0
2020-02-07 11:05:00,322.38,322.67,322.03,322.26,376559.0
2020-02-07 11:00:00,322.65,322.97,322.37,322.3769,269145.0
2020-02-07 10:55:00,322.7209,322.8007,322.37,322.62,252030.0
2020-02-07 10:50:00,323.2455,323.5523,322.7263,322.7403,380478.0
2020-02-07 10:45:00,322.8892,323.32,322.65,323.2246,379629.0
2020-02-07 10:40:00,322.6829,323.4295,322.6623,322.8929,412332.0
2020-02-07 10:35:00,322.22,322.8776,322.22,322.6578,506509.0
2020-02-07 10:30:00,322.043,322.4685,321.77,322.22,496492.0
2020-02-07 10:25:00,321.1499,322.07,321.13,322.05,507372.0
2020-02-07 10:20:00,321.1004,321.7127,320.7518,321.1174,637856.0
2020-02-07 10:15:00,321.132,321.38,321.06,321.08,300037.0
2020-02-07 10:10:00,320.95,321.391,320.86,321.13,434569.0
2020-02-07 10:05:00,321.18,321.46,320.7706,320.97,567198.0
2020-02-07 10:00:00,321.17,321.48,320.97,321.21,480764.0
2020-02-07 09:55:00,321.45,321.5111,321.035,321.1985,496807.0
2020-02-07 09:50:00,320.72,321.54,320.72,321.54,739912.0
2020-02-07 09:45:00,321.01,321.2603,320.78,320.78,748001.0
2020-02-07 09:40:00,320.8559,321.535,320.6918,321.2894,908878.0
2020-02-07 09:35:00,322.38,322.73,321.0255,321.0255,2171611.0
2020-02-06 16:00:00,324.91,325.24,324.89,325.21,1364899.0
2020-02-06 15:55:00,324.74,325.01,324.5,324.92,484597.0
2020-02-06 15:50:00,324.545,324.755,324.4737,324.73,284234.0
2020-02-06 15:45:00,324.41,324.55,324.26,324.54,211443.0
2020-02-06 15:40:00,324.3701,324.55,324.31,324.38,243555.0
2020-02-06 15:35:00,324.13,324.42,324.12,324.37,222501.0
2020-02-06 15:30:00,324.07,324.25,324.03,324.15,223909.0
2020-02-06 15:25:00,324.54,324.55,323.92,324.06,325762.0
2020-02-06 15:20:00,324.48,324.5899,324.35,324.5433,124919.0
2020-02-06 15:15:00,324.65,324.68,324.3,324.4864,169108.0
2020-02-06 15:10:00,324.36,324.68,324.35,324.67,229382.0
2020-02-06 15:05:00,324.515,324.67,324.12,324.3758,316386.0
2020-02-06 15:00:00,324.69,324.8,324.5,324.5,159204.0
2020-02-06 14:55:00,324.985,325.0,324.66,324.72,138027.0
2020-02-06 14:50:00,324.9464,325.2558,324.9155,324.9944,336092.0
2020-02-06 14:45:00,324.66,324.95,324.645,324.94,178024.0
2020-02-06 14:40:00,324.9,324.905,324.6041,324.642,204039.0
2020-02-06 14:35:00,324.6332,324.92,324.58,324.9,213978.0
2020-02-06 14:30:00,324.51,324.77,324.35,324.615,283464.0
2020-02-06 14:25:00,324.4517,324.8115,324.301,324.5217,378346.0
2020-02-06 14:20:00,324.9495,324.98,324.4,324.42,263252.0
2020-02-06 14:15:00,324.95,324.99,324.82,324.94,149529.0
2020-02-06 14:10:00,324.86,324.98,324.75,324.9482,239913.0
2020-02-06 14:05:00,324.58,324.87,324.5399,324.86,201663.0
2020-02-06 14:00:00,324.51,324.72,324.47,324.57,207983.0
2020-02-06 13:55:00,324.3101,324.59,324.3074,324.5187,286606.0
2020-02-06 13:50:00,324.33,324.36,324.14,324.3211,188970.0
2020-02-06 13:45:00,323.82,324.35,323.79,324.3353,382687.0
2020-02-06 13:40:00,323.98,323.98,323.75,323.8,163802.0
2020-02-06 13:35:00,323.695,324.0,323.6456,323.98,259429.0
2020-02-06 13:30:00,323.92,323.9864,323.69,323.69,157522.0
2020-02-06 13:25:00,323.78,324.0,323.65,323.9184,222171.0
2020-02-06 13:20:00,323.86,324.0,323.69,323.78,194538.0
2020-02-06 13:15:00,323.495,323.85,323.43,323.83,196098.0
2020-02-06 13:10:00,323.8,323.94,323.36,323.5,219822.0
2020-02-06 13:05:00,323.5,323.84,323.49,323.7927,305866.0
2020-02-06 13:00:00,323.13,323.6,323.12,323.52,349869.0
2020-02-06 12:55:00,323.0203,323.1899,322.92,323.1,151131.0
2020-02-06 12:50:00,323.38,323.7,323.01,323.04,203739.0
2020-02-06 12:45:00,322.89,323.385,322.89,323.3603,241877.0
2020-02-06 12:40:00,322.97,323.04,322.77,322.91,1333330.0
2020-02-06 12:35:00,323.06,323.13,322.77,322.94,188192.0
2020-02-06 12:30:00,322.7994,323.07,322.74,323.05,371338.0
2020-02-06 12:25:00,322.7713,322.82,322.61,322.8,120923.0
2020-02-06 12:20:00,322.625,322.82,322.51,322.76,167910.0
2020-02-06 12:15:00,322.475,322.635,322.3,322.635,130002.0
2020-02-06 12:10:00,322.36,322.62,322.28,322.475,202491.0
2020-02-06 12:05:00,321.6454,322.37,321.54,322.36,275383.0
2020-02-06 12:00:00,322.35,322.51,321.65,321.65,357472.0
2020-02-06 11:55:00,322.59,322.68,322.21,322.3499,149563.0
2020-02-06 11:50:00,322.32,322.62,322.32,322.6012,106952.0
2020-02-06 11:45:00,322.515,322.6498,322.33,322.33,140130.0
2020-02-06 11:40:00,322.8338,322.8499,322.37,322.51,197548.0
2020-02-06 11:35:00,322.51,322.85,322.48,322.83,221582.0
2020-02-06 11:30:00,322.451,322.6,322.21,322.51,215283.0
2020-02-06 11:25:00,322.355,322.62,322.31,322.465,266661.0
2020-02-06 11:20:00,322.25,322.36,321.97,322.36,156675.0
2020-02-06 11:15:00,322.11,322.57,322.0,322.25,311046.0
2020-02-06 11:10:00,321.8352,322.419,321.8084,322.0852,233701.0
2020-02-06 11:05:00,321.7102,322.3459,321.6352,321.8202,208001.0
2020-02-06 11:00:00,321.52,321.8,321.42,321.69,195729.0
2020-02-06 10:55:00,321.84,322.18,321.46,321.55,228855.0
2020-02-06 10:50:00,320.98,322.06,320.91,321.83,379347.0
2020-02-06 10:45:00,321.21,321.35,320.84,320.997,146875.0
2020-02-06 10:40:00,320.94,321.44,320.92,321.18,269485.0
2020-02-06 10:35:00,320.52,320.95,320.39,320.91,298817.0
2020-02-06 10:30:00,320.77,321.22,320.435,320.52,299989.0
2020-02-06 10:25:00,320.72,321.6,320.65,320.76,338874.0
2020-02-06 10:20:00,321.5891,321.63,320.6501,320.7224,401288.0
2020-02-06 10:15:00,321.42,321.67,321.23,321.57,256623.0
2020-02-06 10:10:00,321.44,321.73,321.18,321.4111,292514.0
2020-02-06 10:05:00,322.3525,322.5,321.25,321.455,477825.0
2020-02-06 10:00:00,321.89,322.43,321.7,322.38,446372.0
2020-02-06 09:55:00,321.82,321.9,321.6418,321.9,315843.0
2020-02-06 09:50:00,321.5404,322.2625,321.3824,321.8637,417695.0
2020-02-06 09:45:00,320.74,321.57,320.5362,321.57,504015.0
2020-02-06 09:40:00,321.67,321.8329,320.68,320.68,666297.0
2020-02-06 09:35:00,322.61,323.0,321.7,321.7,1437328.0
2020-02-05 16:00:00,321.26,321.6,320.95,321.58,888684.0
2020-02-05 15:55:00,321.2634,321.5791,320.8383,321.2734,833720.0
2020-02-05 15:50:00,321.7552,321.85,321.21,321.26,438946.0
2020-02-05 15:45:00,321.9,321.98,321.66,321.77,336915.0
2020-02-05 15:40:00,321.93,321.97,321.73,321.91,247251.0
2020-02-05 15:35:00,322.18,322.25,321.82,321.93,258704.0
2020-02-05 15:30:00,322.38,322.67,322.12,322.19,362152.0
2020-02-05 15:25:00,322.25,322.5,322.16,322.3609,239032.0
2020-02-05 15:20:00,321.91,322.34,321.8476,322.2312,362718.0
2020-02-05 15:15:00,321.8148,321.96,321.8,321.9,182803.0
2020-02-05 15:10:00,321.698,321.98,321.69,321.83,270854.0
2020-02-05 15:05:00,321.265,321.73,321.265,321.69,338850.0
2020-02-05 15:00:00,321.49,321.54,321.18,321.27,262819.0
2020-02-05 14:55:00,320.96,321.5,320.95,321.4925,337106.0
2020-02-05 14:50:00,320.8791,320.96,320.725,320.96,139742.0
2020-02-05 14:45:00,320.85,320.97,320.7702,320.88,135500.0
2020-02-05 14:40:00,320.84,320.94,320.6,320.84,152816.0
2020-02-05 14:35:00,320.755,320.91,320.621,320.845,127871.0
2020-02-05 14:30:00,320.98,320.9839,320.66,320.755,152955.0
2020-02-05 14:25:00,320.8779,321.13,320.81,320.9774,175138.0
2020-02-05 14:20:00,320.27,321.13,320.26,320.88,199450.0
2020-02-05 14:15:00,320.19,320.4429,320.13,320.2854,116820.0
2020-02-05 14:10:00,320.28,320.41,320.07,320.235,144295.0
2020-02-05 14:05:00,320.61,320.66,320.2,320.29,109901.0
2020-02-05 14:00:00,320.65,320.91,320.55,320.61,133663.0
2020-02-05 13:55:00,320.535,320.91,320.53,320.6789,161619.0
2020-02-05 13:50:00,320.565,320.665,320.41,320.53,105034.0
2020-02-05 13:45:00,320.195,320.6,320.04,320.56,139580.0
2020-02-05 13:40:00,320.37,320.45,320.08,320.17,115085.0
2020-02-05 13:35:00,320.23,320.64,320.1,320.38,194275.0
2020-02-05 13:30:00,320.41,320.56,320.16,320.25,148257.0
2020-02-05 13:25:00,320.3669,320.7722,320.3519,320.4013,180999.0
2020-02-05 13:20:00,320.3884,320.8683,320.2578,320.3634,251439.0
2020-02-05 13:15:00,320.48,320.74,320.355,320.38,139415.0
2020-02-05 13:10:00,321.025,321.025,320.415,320.47,238038.0
2020-02-05 13:05:00,321.38,321.41,320.9638,321.03,164031.0
2020-02-05 13:00:00,321.19,321.4,321.02,321.37,154289.0
2020-02-05 12:55:00,321.46,321.72,321.08,321.21,195986.0
2020-02-05 12:50:00,321.195,321.497,321.195,321.4401,76695.0
2020-02-05 12:45:00,321.475,321.475,321.1701,321.2,97817.0
2020-02-05 12:40:00,321.3444,321.56,321.22,321.475,104397.0
2020-02-05 12:35:00,321.35,321.4261,321.12,321.34,123521.0
2020-02-05 12:30:00,321.29,321.47,321.0807,321.36,174348.0
2020-02-05 12:25:00,321.4985,321.8015,321.211,321.2684,299709.0
2020-02-05 12:20:00,321.85,322.05,321.39,321.47,316215.0
2020-02-05 12:15:00,321.69,321.91,321.6,321.87,258335.0
2020-02-05 12:10:00,321.195,321.77,321.195,321.705,274829.0
2020-02-05 12:05:00,321.35,321.365,321.071,321.18,141004.0
2020-02-05 12:00:00,320.99,321.42,320.83,321.37,226002.0
2020-02-05 11:55:00,320.915,321.08,320.65,320.995,235947.0
2020-02-05 11:50:00,320.23,320.99,320.07,320.9,282583.0
2020-02-05 11:45:00,319.9863,320.5821,319.9716,320.2363,374835.0
2020-02-05 11:40:00,320.2593,320.44,319.9,320.0,349148.0
2020-02-05 11:35:00,320.94,321.0799,320.25,320.29,236653.0
2020-02-05 11:30:00,320.6905,321.2821,320.6117,320.9802,286858.0
2020-02-05 11:25:00,321.22,321.32,320.55,320.68,267975.0
2020-02-05 11:20:00,321.17,321.46,321.11,321.22,253917.0
2020-02-05 11:15:00,321.39,321.5,321.07,321.19,354465.0
2020-02-05 11:10:00,320.79,321.589,320.67,321.39,383152.0
2020-02-05 11:05:00,320.7529,321.4376,320.697,320.7529,428218.0
2020-02-05 11:00:00,320.2,321.2,319.95,320.78,516916.0
2020-02-05 10:55:00,319.3929,320.45,319.3,320.22,505978.0
2020-02-05 10:50:00,319.9134,320.2878,319.397,319.4334,362746.0
2020-02-05 10:45:00,319.4084,320.2801,319.2591,319.9784,567345.0
2020-02-05 10:40:00,320.5,320.686,319.18,319.3999,602753.0
2020-02-05 10:35:00,320.71,320.98,319.65,320.49,697526.0
2020-02-05 10:30:00,321.7352,322.0487,320.3372,320.7312,679788.0
2020-02-05 10:25:00,321.85,322.14,321.5801,321.76,253786.0
2020-02-05 10:20:00,321.67,322.2,321.41,321.775,454540.0
2020-02-05 10:15:00,322.3286,322.36,321.54,321.6301,517547.0
2020-02-05 10:10:00,322.86,323.48,322.1608,322.34,562565.0
2020-02-05 10:05:00,323.0,323.32,322.69,322.88,489667.0
2020-02-05 10:00:00,322.59,323.22,322.42,323.0,506436.0
2020-02-05 09:55:00,323.35,323.35,322.5198,322.6244,690539.0
2020-02-05 09:50:00,321.36,323.3588,321.36,323.3588,880890.0
2020-02-05 09:45:00,321.6702,321.9755,321.2649,321.4402,826786.0
2020-02-05 09:40:00,323.78,323.78,321.8,321.8,1020467.0
2020-02-05 09:35:00,323.703,325.0711,323.6297,323.8259,2789886.0
2020-02-04 16:00:00,318.48,319.15,318.45,318.86,1229312.0
2020-02-04 15:55:00,318.28,318.53,317.99,318.485,632506.0
2020-02-04 15:50:00,317.75,318.3132,317.65,318.27,406320.0
2020-02-04 15:45:00,317.9752,318.2654,317.7049,317.7752,463419.0
2020-02-04 15:40:00,318.12,318.5,317.88,317.97,342084.0
2020-02-04 15:35:00,318.5697,318.5697,317.925,318.095,395867.0
2020-02-04 15:30:00,318.61,318.84,318.33,318.57,285723.0
2020-02-04 15:25:00,318.9551,319.13,318.5,318.58,339018.0
2020-02-04 15:20:00,318.77,319.0,318.49,318.97,282759.0
2020-02-04 15:15:00,318.61,318.81,318.51,318.755,232920.0
2020-02-04 15:10:00,318.9721,318.98,318.62,318.6352,229877.0
2020-02-04 15:05:00,318.87,319.055,318.65,318.9768,183973.0
2020-02-04 15:00:00,318.73,319.1,318.64,318.87,216120.0
2020-02-04 14:55:00,318.89,319.0,318.66,318.76,934025.0
2020-02-04 14:50:00,319.22,319.33,318.82,318.875,617789.0
2020-02-04 14:45:00,319.16,319.35,319.12,319.22,167774.0
2020-02-04 14:40:00,319.0424,319.36,318.995,319.17,183724.0
2020-02-04 14:35:00,318.89,319.265,318.75,319.03,212763.0
2020-02-04 14:30:00,319.0571,319.26,318.8901,318.8901,136849.0
2020-02-04 14:25:00,319.3,319.34,318.95,319.03,148208.0
2020-02-04 14:20:00,319.3169,319.4,319.11,319.3,221037.0
2020-02-04 14:15:00,319.3,319.64,319.22,319.3134,320073.0
2020-02-04 14:10:00,319.325,319.5,319.16,319.2779,171359.0
2020-02-04 14:05:00,319.27,319.48,319.16,319.33,181954.0
2020-02-04 14:00:00,319.32,319.41,319.12,319.27,201285.0
2020-02-04 13:55:00,319.1775,319.33,318.9654,319.3139,205940.0
2020-02-04 13:50:00,318.89,319.18,318.87,319.18,193495.0
2020-02-04 13:45:00,318.59,319.0,318.42,318.9,217054.0
2020-02-04 13:40:00,318.65,318.82,318.52,318.59,178535.0
2020-02-04 13:35:00,318.29,318.69,318.26,318.64,165253.0
2020-02-04 13:30:00,318.12,318.3899,317.83,318.29,226860.0
2020-02-04 13:25:00,318.15,318.2936,317.93,318.12,220640.0
2020-02-04 13:20:00,318.38,318.44,318.03,318.1239,230427.0
2020-02-04 13:15:00,318.46,318.64,318.35,318.365,222106.0
2020-02-04 13:10:00,318.415,318.64,318.2607,318.445,172674.0
2020-02-04 13:05:00,318.36,318.46,318.25,318.42,173566.0
2020-02-04 13:00:00,318.22,318.56,318.09,318.35,194079.0
2020-02-04 12:55:00,317.86,318.22,317.76,318.205,149704.0
2020-02-04 12:50:00,317.96,318.31,317.67,317.82,503141.0
2020-02-04 12:45:00,317.78,318.04,317.73,317.9499,243300.0
2020-02-04 12:40:00,317.542,317.95,317.48,317.78,206494.0
2020-02-04 12:35:00,317.65,317.67,317.33,317.54,198429.0
2020-02-04 12:30:00,317.925,318.04,317.6113,317.635,176217.0
2020-02-04 12:25:00,317.53,318.13,317.38,317.925,307635.0
2020-02-04 12:20:00,317.9899,318.22,317.49,317.515,304636.0
2020-02-04 12:15:00,318.0,318.38,317.82,317.97,295914.0
2020-02-04 12:10:00,318.37,318.39,317.81,318.02,250426.0
2020-02-04 12:05:00,318.4375,318.7451,318.3547,318.3628,312989.0
2020-02-04 12:00:00,318.37,318.56,318.15,318.4,285479.0
2020-02-04 11:55:00,318.93,319.06,318.2,318.34,644173.0
2020-02-04 11:50:00,318.7833,319.4971,318.6963,318.9233,321467.0
2020-02-04 11:45:00,319.42,319.5,318.71,318.82,470256.0
2020-02-04 11:40:00,319.0496,319.52,318.9,319.4213,516828.0
2020-02-04 11:35:00,318.09,319.0656,317.9306,319.05,572686.0
2020-02-04 11:30:00,318.21,318.32,317.9701,318.0842,247531.0
2020-02-04 11:25:00,318.05,318.32,317.89,318.195,352329.0
2020-02-04 11:20:00,317.91,318.12,317.72,318.05,342465.0
2020-02-04 11:15:00,317.49,317.91,317.39,317.9062,371631.0
2020-02-04 11:10:00,317.22,317.59,317.21,317.4,289082.0
2020-02-04 11:05:00,317.48,317.65,317.1332,317.22,313267.0
2020-02-04 11:00:00,317.38,317.53,317.03,317.48,337143.0
2020-02-04 10:55:00,316.46,317.45,316.46,317.35,428452.0
2020-02-04 10:50:00,317.0302,317.4786,316.4476,316.4952,500541.0
2020-02-04 10:45:00,316.7541,317.34,316.71,316.96,431492.0
2020-02-04 10:40:00,316.5397,317.29,316.51,316.75,782839.0
2020-02-04 10:35:00,316.255,316.81,316.12,316.5319,591934.0
2020-02-04 10:30:00,315.6943,316.39,315.57,316.23,491114.0
2020-02-04 10:25:00,315.3803,316.0625,315.3318,315.7027,467718.0
2020-02-04 10:20:00,314.465,315.39,314.36,315.37,382106.0
2020-02-04 10:15:00,315.1898,315.48,314.25,314.4899,498044.0
2020-02-04 10:10:00,314.35,315.36,314.163,315.13,607067.0
2020-02-04 10:05:00,314.4102,314.9662,314.1053,314.3635,478673.0
2020-02-04 10:00:00,313.98,314.67,313.71,314.38,595911.0
2020-02-04 09:55:00,314.975,314.975,314.0,314.0,605830.0
2020-02-04 09:50:00,314.78,315.3322,314.78,314.98,627255.0
2020-02-04 09:45:00,315.43,315.85,314.68,314.68,849400.0
2020-02-04 09:40:00,316.62,316.7,315.39,315.51,985551.0
2020-02-04 09:35:00,315.6032,316.9346,315.293,316.6432,2669366.0
2020-02-03 16:00:00,308.27,308.92,308.2,308.68,1163166.0
2020-02-03 15:55:00,307.57,308.38,307.3501,308.26,651108.0
2020-02-03 15:50:00,308.25,308.3499,307.51,307.5102,434891.0
2020-02-03 15:45:00,308.9,308.91,308.27,308.2747,311244.0
2020-02-03 15:40:00,309.0801,309.3,308.75,308.9,313969.0
2020-02-03 15:35:00,308.905,309.19,308.79,309.0904,405945.0
2020-02-03 15:30:00,308.7924,309.2058,308.6754,308.9078,293296.0
2020-02-03 15:25:00,307.74,308.8,307.61,308.7688,480707.0
2020-02-03 15:20:00,307.34,307.74,307.29,307.73,227966.0
2020-02-03 15:15:00,307.62,307.695,307.2053,307.32,196601.0
2020-02-03 15:10:00,307.66,307.805,307.44,307.62,224375.0
2020-02-03 15:05:00,307.09,307.67,307.0196,307.6402,197164.0
2020-02-03 15:00:00,307.36,307.46,306.93,307.08,246778.0
2020-02-03 14:55:00,307.81,307.815,307.16,307.37,213790.0
2020-02-03 14:50:00,307.76,307.88,307.58,307.8,146091.0
2020-02-03 14:45:00,307.5599,307.96,307.33,307.75,304718.0
2020-02-03 14:40:00,307.03,307.64,307.0,307.5682,199234.0
2020-02-03 14:35:00,307.3454,307.72,307.0,307.04,258304.0
2020-02-03 14:30:00,307.41,307.78,307.2023,307.3495,275475.0
2020-02-03 14:25:00,307.04,307.68,307.0301,307.4,289631.0
2020-02-03 14:20:00,306.77,307.1374,306.67,307.02,237937.0
2020-02-03 14:15:00,307.3226,307.3496,306.73,306.77,335541.0
2020-02-03 14:10:00,307.95,308.1066,307.2601,307.3354,309156.0
2020-02-03 14:05:00,307.8053,308.23,307.625,307.925,289448.0
2020-02-03 14:00:00,307.64,308.03,307.64,307.79,239296.0
2020-02-03 13:55:00,307.6761,308.1481,307.3978,307.6505,320266.0
2020-02-03 13:50:00,307.5025,308.0448,307.3041,307.6959,303342.0
2020-02-03 13:45:00,308.07,308.111,307.4,307.4748,307695.0
2020-02-03 13:40:00,307.03,308.31,306.94,308.07,493506.0
2020-02-03 13:35:00,306.86,307.2774,306.64,307.02,312908.0
2020-02-03 13:30:00,307.16,307.34,306.8338,306.87,330641.0
2020-02-03 13:25:00,307.0298,307.288,306.84,307.16,534016.0
2020-02-03 13:20:00,306.895,307.3559,306.3851,307.017,619277.0
2020-02-03 13:15:00,307.6898,307.9818,306.6105,306.8998,691827.0
2020-02-03 13:10:00,308.28,308.5516,307.6103,307.69,401507.0
2020-02-03 13:05:00,308.73,309.02,308.16,308.28,395986.0
2020-02-03 13:00:00,309.18,309.32,308.71,308.72,301667.0
2020-02-03 12:55:00,309.5672,309.9287,308.8929,309.1861,481202.0
2020-02-03 12:50:00,310.15,310.17,309.33,309.575,373550.0
2020-02-03 12:45:00,310.0682,310.5907,310.0602,310.1482,291285.0
2020-02-03 12:40:00,310.49,310.65,309.83,310.01,478040.0
2020-02-03 12:35:00,310.9599,311.2,310.41,310.475,313671.0
2020-02-03 12:30:00,311.05,311.28,310.78,310.94,206598.0
2020-02-03 12:25:00,310.81,311.2631,310.81,311.0401,243963.0
2020-02-03 12:20:00,310.9148,311.15,310.63,310.81,389756.0
2020-02-03 12:15:00,311.2027,311.5581,310.7303,310.9427,637749.0
2020-02-03 12:10:00,312.0701,312.09,311.11,311.194,329747.0
2020-02-03 12:05:00,311.943,312.4203,311.6795,312.103,302459.0
2020-02-03 12:00:00,311.85,312.27,311.82,311.98,271922.0
2020-02-03 11:55:00,312.425,312.49,311.63,311.8584,397532.0
2020-02-03 11:50:00,312.4701,312.8841,312.3136,312.4351,241210.0
2020-02-03 11:45:00,313.09,313.77,312.3,312.48,572832.0
2020-02-03 11:40:00,312.815,313.1,312.6,313.1,261809.0
2020-02-03 11:35:00,312.8,313.05,312.6,312.8099,313354.0
2020-02-03 11:30:00,313.41,313.46,312.67,312.78,383378.0
2020-02-03 11:25:00,312.6047,313.4481,312.6047,313.4,597255.0
2020-02-03 11:20:00,311.795,312.64,311.74,312.62,299457.0
2020-02-03 11:15:00,312.05,312.46,311.7,311.77,320955.0
2020-02-03 11:10:00,312.16,312.5,311.8473,312.04,340645.0
2020-02-03 11:05:00,312.3701,312.694,312.0399,312.1601,298815.0
2020-02-03 11:00:00,311.4691,312.42,311.46,312.3326,484208.0
2020-02-03 10:55:00,311.58,311.95,311.44,311.62,239498.0
2020-02-03 10:50:00,312.5024,312.56,311.58,311.58,373556.0
2020-02-03 10:45:00,312.6899,313.0168,312.2501,312.5099,452067.0
2020-02-03 10:40:00,312.3727,313.25,312.26,312.71,608823.0
2020-02-03 10:35:00,312.4575,313.0496,312.3289,312.3983,508423.0
2020-02-03 10:30:00,311.227,312.505,311.227,312.4299,579003.0
2020-02-03 10:25:00,312.22,312.24,311.19,311.21,556711.0
2020-02-03 10:20:00,312.29,312.91,312.1381,312.18,561331.0
2020-02-03 10:15:00,311.55,312.6399,311.55,312.28,877386.0
2020-02-03 10:10:00,311.8282,312.1322,311.0211,311.4797,949522.0
2020-02-03 10:05:00,310.8,312.0655,310.79,311.8303,1263384.0
2020-02-03 10:00:00,310.35,310.93,309.5,310.78,1522541.0
2020-02-03 09:55:00,309.43,310.27,309.36,310.27,997257.0
2020-02-03 09:50:00,308.77,309.64,308.77,309.35,1223310.0
2020-02-03 09:45:00,308.9929,309.2772,308.6266,308.8314,885420.0
2020-02-03 09:40:00,306.7332,309.0118,306.7332,308.9,2149075.0
2020-02-03 09:35:00,304.3098,306.7982,302.5141,306.5099,5038423.0
2020-01-31 16:00:00,309.94,310.07,309.15,309.39,1707749.0
2020-01-31 15:55:00,309.69,310.2,309.5,309.97,1084499.0
2020-01-31 15:50:00,310.01,310.8,309.35,309.72,1250212.0
2020-01-31 15:45:00,309.4011,310.3581,308.5764,309.9762,1466968.0
2020-01-31 15:40:00,310.7199,311.185,309.3031,309.3498,1312167.0
2020-01-31 15:35:00,310.8116,311.3314,310.5407,310.7465,647960.0
2020-01-31 15:30:00,311.435,311.52,310.66,310.825,528430.0
2020-01-31 15:25:00,311.044,311.72,310.9603,311.4416,497869.0
2020-01-31 15:20:00,310.6894,311.5494,310.6607,311.083,575302.0
2020-01-31 15:15:00,310.97,311.17,310.4701,310.67,546137.0
2020-01-31 15:10:00,311.6601,311.9532,310.9791,311.02,564765.0
2020-01-31 15:05:00,312.22,312.56,311.52,311.6676,449932.0
2020-01-31 15:00:00,312.13,312.9,312.12,312.19,450310.0
2020-01-31 14:55:00,312.2701,312.515,312.0,312.13,332577.0
2020-01-31 14:50:00,312.055,312.57,312.02,312.28,267431.0
2020-01-31 14:45:00,312.4269,312.59,311.93,312.04,283083.0
2020-01-31 14:40:00,312.625,312.98,312.32,312.445,383218.0
2020-01-31 14:35:00,311.544,313.03,311.37,312.65,482939.0
2020-01-31 14:30:00,311.5,312.12,311.25,311.577,452720.0
2020-01-31 14:25:00,312.4,312.48,311.44,311.56,548379.0
2020-01-31 14:20:00,312.9791,313.2134,312.36,312.4,396148.0
2020-01-31 14:15:00,312.76,313.75,312.75,312.96,497017.0
2020-01-31 14:10:00,313.3442,313.45,312.67,312.7,462586.0
2020-01-31 14:05:00,312.6,313.4637,312.5701,313.3115,728030.0
2020-01-31 14:00:00,311.8,312.6,311.77,312.58,503146.0
2020-01-31 13:55:00,311.81,312.2923,311.5617,311.8077,402911.0
2020-01-31 13:50:00,310.1,311.89,310.05,311.7862,779395.0
2020-01-31 13:45:00,311.33,311.74,310.07,310.1,652743.0
2020-01-31 13:40:00,312.8804,313.3812,311.069,311.313,981623.0
2020-01-31 13:35:00,313.2382,313.5335,312.5356,312.9082,566612.0
2020-01-31 13:30:00,313.965,314.11,313.12,313.2295,302220.0
2020-01-31 13:25:00,313.65,314.3,313.59,313.96,308326.0
2020-01-31 13:20:00,313.9951,314.4631,313.251,313.6751,604559.0
2020-01-31 13:15:00,314.23,314.61,313.9,313.99,420452.0
2020-01-31 13:10:00,314.73,314.87,314.22,314.23,266161.0
2020-01-31 13:05:00,314.78,315.3,314.7304,314.7338,353084.0
2020-01-31 13:00:00,314.73,314.95,314.58,314.82,289179.0
2020-01-31 12:55:00,314.8671,315.2479,314.4473,314.7162,590809.0
2020-01-31 12:50:00,315.6865,315.6885,314.81,314.86,245894.0
2020-01-31 12:45:00,314.91,315.7399,314.69,315.6105,388304.0
2020-01-31 12:40:00,315.25,315.3416,314.72,314.96,482393.0
2020-01-31 12:35:00,316.12,316.13,315.22,315.2405,214768.0
2020-01-31 12:30:00,315.89,316.24,315.6427,316.13,236189.0
2020-01-31 12:25:00,316.26,316.3,315.784,315.9013,213622.0
2020-01-31 12:20:00,316.215,316.3775,316.09,316.2588,188670.0
2020-01-31 12:15:00,316.635,316.74,316.05,316.22,232376.0
2020-01-31 12:10:00,316.62,316.684,316.37,316.635,197021.0
2020-01-31 12:05:00,316.76,316.91,316.36,316.6285,299437.0
2020-01-31 12:00:00,316.12,316.83,316.09,316.77,282952.0
2020-01-31 11:55:00,316.6883,316.9869,316.046,316.1083,306746.0
2020-01-31 11:50:00,316.14,316.69,316.08,316.61,420741.0
2020-01-31 11:45:00,315.6038,316.17,315.37,316.16,499612.0
2020-01-31 11:40:00,315.7811,316.3838,314.7523,315.6351,920959.0
2020-01-31 11:35:00,315.53,315.91,315.34,315.78,349851.0
2020-01-31 11:30:00,315.5428,315.89,315.27,315.52,408036.0
2020-01-31 11:25:00,316.0,316.12,315.5134,315.5134,361865.0
2020-01-31 11:20:00,316.2618,316.6463,315.3652,316.0418,761476.0
2020-01-31 11:15:00,316.31,316.7823,316.1636,316.27,444736.0
2020-01-31 11:10:00,316.92,316.92,316.0631,316.2901,357919.0
2020-01-31 11:05:00,315.8472,317.19,315.76,316.95,481558.0
2020-01-31 11:00:00,315.91,316.4,315.81,315.86,451026.0
2020-01-31 10:55:00,316.47,316.74,315.64,315.93,608252.0
2020-01-31 10:50:00,315.82,316.9357,315.8106,316.45,440666.0
2020-01-31 10:45:00,315.726,316.81,315.6701,315.78,617628.0
2020-01-31 10:40:00,316.15,316.64,315.71,315.7233,442352.0
2020-01-31 10:35:00,315.604,316.8,315.51,316.17,563458.0
2020-01-31 10:30:00,316.78,317.1499,315.57,315.63,776257.0
2020-01-31 10:25:00,316.05,316.8382,315.94,316.7926,708001.0
2020-01-31 10:20:00,316.0662,316.4388,315.318,316.0359,1119192.0
2020-01-31 10:15:00,316.61,317.07,315.87,316.09,1111303.0
2020-01-31 10:10:00,317.34,317.7159,316.43,316.61,804919.0
2020-01-31 10:05:00,318.3652,318.7158,317.3546,317.3642,613342.0
2020-01-31 10:00:00,317.6384,318.47,317.6384,318.42,870405.0
2020-01-31 09:55:00,319.07,319.07,317.33,317.58,1139681.0
2020-01-31 09:50:00,319.1068,319.5191,318.5732,319.0719,1073596.0
2020-01-31 09:45:00,320.74,320.74,319.13,319.13,1162580.0
2020-01-31 09:40:00,321.5263,321.773,320.8623,321.0213,680054.0
2020-01-31 09:35:00,320.93,322.68,320.9009,321.7977,1865106.0
2020-01-30 16:00:00,323.42,323.99,323.31,323.88,1047653.0
2020-01-30 15:55:00,323.1,323.5,323.05,323.4239,587189.0
2020-01-30 15:50:00,322.73,323.1855,322.63,323.0999,476078.0
2020-01-30 15:45:00,322.34,322.88,322.2,322.7,469125.0
2020-01-30 15:40:00,322.04,322.37,321.76,322.3568,257641.0
2020-01-30 15:35:00,321.79,322.06,321.56,322.0295,321345.0
2020-01-30 15:30:00,322.3,322.33,321.56,321.785,357512.0
2020-01-30 15:25:00,321.74,322.29,321.73,322.2735,348303.0
2020-01-30 15:20:00,321.13,321.87,320.9004,321.7595,248892.0
2020-01-30 15:15:00,320.83,321.27,320.64,321.0405,269186.0
2020-01-30 15:10:00,321.55,321.59,320.79,320.85,317479.0
2020-01-30 15:05:00,321.0402,321.8755,320.9495,321.5462,384022.0
2020-01-30 15:00:00,320.22,321.23,320.19,320.92,324743.0
2020-01-30 14:55:00,320.68,321.0,320.01,320.25,246140.0
2020-01-30 14:50:00,320.2528,321.1874,319.8561,320.6729,495445.0
2020-01-30 14:45:00,320.3563,322.1333,319.8815,320.1663,809830.0
2020-01-30 14:40:00,320.335,320.44,320.1,320.313,127604.0
2020-01-30 14:35:00,320.595,320.71,320.1689,320.34,205115.0
2020-01-30 14:30:00,320.9,321.24,320.58,320.5821,220314.0
2020-01-30 14:25:00,321.02,321.24,320.81,320.89,214662.0
2020-01-30 14:20:00,320.78,321.07,320.73,321.0132,201220.0
2020-01-30 14:15:00,320.33,320.78,320.24,320.757,224389.0
2020-01-30 14:10:00,319.97,320.33,319.76,320.33,181614.0
2020-01-30 14:05:00,320.0,320.25,319.88,319.96,102810.0
2020-01-30 14:00:00,320.11,320.2,319.76,320.0,141714.0
2020-01-30 13:55:00,319.825,320.13,319.67,320.1,156455.0
2020-01-30 13:50:00,320.14,320.28,319.7901,319.86,121275.0
2020-01-30 13:45:00,320.0613,320.3699,319.93,320.1001,182696.0
2020-01-30 13:40:00,320.34,320.34,319.96,320.04,187970.0
2020-01-30 13:35:00,319.87,320.455,319.66,320.35,273824.0
2020-01-30 13:30:00,319.5374,319.9712,319.4286,319.876,196395.0
2020-01-30 13:25:00,319.45,319.65,319.31,319.5157,172545.0
2020-01-30 13:20:00,319.7,319.95,319.3502,319.42,172155.0
2020-01-30 13:15:00,319.66,319.9856,319.57,319.6741,236372.0
2020-01-30 13:10:00,320.2813,320.2813,319.4397,319.63,321012.0
2020-01-30 13:05:00,320.45,320.65,320.23,320.26,179786.0
2020-01-30 13:00:00,320.27,320.6,320.24,320.43,141634.0
2020-01-30 12:55:00,320.2,320.78,319.99,320.25,315534.0
2020-01-30 12:50:00,320.6736,320.6736,320.05,320.215,276501.0
2020-01-30 12:45:00,320.12,320.829,319.88,320.6601,364299.0
2020-01-30 12:40:00,320.86,320.94,320.07,320.14,346035.0
2020-01-30 12:35:00,320.84,321.17,320.72,320.8825,181562.0
2020-01-30 12:30:00,321.6501,321.72,320.83,320.9,231664.0
2020-01-30 12:25:00,321.661,321.94,321.62,321.6665,162080.0
2020-01-30 12:20:00,321.42,321.76,321.2,321.68,201621.0
2020-01-30 12:15:00,321.58,321.64,321.24,321.4162,183012.0
2020-01-30 12:10:00,322.0137,322.1,321.56,321.58,217185.0
2020-01-30 12:05:00,321.9347,322.09,321.84,322.02,168589.0
2020-01-30 12:00:00,322.51,322.53,321.92,321.94,292119.0
2020-01-30 11:55:00,321.91,322.53,321.85,322.5129,276359.0
2020-01-30 11:50:00,321.4785,322.0,321.4767,321.86,268159.0
2020-01-30 11:45:00,321.58,321.95,321.34,321.49,314856.0
2020-01-30 11:40:00,321.2616,322.169,321.2281,321.577,352084.0
2020-01-30 11:35:00,321.54,321.62,321.04,321.2189,315000.0
2020-01-30 11:30:00,321.47,321.6488,321.26,321.5,308561.0
2020-01-30 11:25:00,321.15,321.5,320.91,321.49,376297.0
2020-01-30 11:20:00,320.8163,321.4328,320.8023,321.1709,368612.0
2020-01-30 11:15:00,319.9754,320.8297,319.97,320.8297,392254.0
2020-01-30 11:10:00,319.8507,320.22,319.8001,319.9903,416715.0
2020-01-30 11:05:00,318.98,319.9599,318.75,319.88,729351.0
2020-01-30 11:00:00,320.38,320.43,318.8,318.96,1052049.0
2020-01-30 10:55:00,321.45,321.46,320.19,320.4196,536187.0
2020-01-30 10:50:00,321.6928,321.9989,321.3382,321.4416,529398.0
2020-01-30 10:45:00,321.71,321.89,321.47,321.68,490130.0
2020-01-30 10:40:00,322.37,322.385,321.67,321.72,569368.0
2020-01-30 10:35:00,322.64,322.64,322.17,322.38,427189.0
2020-01-30 10:30:00,322.64,322.9099,322.5,322.63,283087.0
2020-01-30 10:25:00,322.74,322.99,322.52,322.64,347495.0
2020-01-30 10:20:00,323.1924,323.37,322.5837,322.7186,517494.0
2020-01-30 10:15:00,323.4138,323.73,323.02,323.1846,533310.0
2020-01-30 10:10:00,322.45,323.44,322.33,323.42,583973.0
2020-01-30 10:05:00,322.3717,322.9598,322.3598,322.4616,502279.0
2020-01-30 10:00:00,322.62,322.86,322.29,322.37,421548.0
2020-01-30 09:55:00,323.07,323.07,322.37,322.49,523185.0
2020-01-30 09:50:00,323.61,323.87,323.23,323.23,513593.0
2020-01-30 09:45:00,323.99,323.99,323.37,323.62,591058.0
2020-01-30 09:40:00,323.1313,323.9459,323.02,323.94,883791.0
2020-01-30 09:35:00,320.5482,323.3998,320.4072,323.1253,2495686.0
2020-01-29 16:00:00,324.53,324.72,324.09,324.36,1308897.0
2020-01-29 15:55:00,325.08,325.26,324.43,324.5,902333.0
2020-01-29 15:50:00,326.0636,326.3637,325.0924,325.0963,886294.0
2020-01-29 15:45:00,326.6586,326.9715,325.9756,326.0797,830809.0
2020-01-29 15:40:00,327.105,327.11,326.63,326.675,441173.0
2020-01-29 15:35:00,327.22,327.29,326.9,327.115,347112.0
2020-01-29 15:30:00,327.02,327.55,326.94,327.24,598978.0
2020-01-29 15:25:00,327.0304,327.521,326.9704,327.0154,426603.0
2020-01-29 15:20:00,326.5898,327.3493,326.503,327.0179,527227.0
2020-01-29 15:15:00,327.09,327.09,326.51,326.58,440976.0
2020-01-29 15:10:00,326.73,327.29,326.71,327.111,342587.0
2020-01-29 15:05:00,327.11,327.2,326.575,326.74,381092.0
2020-01-29 15:00:00,327.28,327.4,326.98,327.03,357601.0
2020-01-29 14:55:00,326.87,327.3,326.84,327.2752,328317.0
2020-01-29 14:50:00,326.9785,327.3682,326.8277,326.8906,270304.0
2020-01-29 14:45:00,327.04,327.43,326.85,326.96,270697.0
2020-01-29 14:40:00,326.8253,327.4633,326.5826,327.0653,290062.0
2020-01-29 14:35:00,326.8,326.95,326.51,326.83,211781.0
2020-01-29 14:30:00,326.62,326.88,326.45,326.8,261739.0
2020-01-29 14:25:00,326.93,327.24,326.62,326.6201,294906.0
2020-01-29 14:20:00,327.28,327.28,326.76,326.92,337586.0
2020-01-29 14:15:00,327.27,327.65,327.16,327.27,381496.0
2020-01-29 14:10:00,327.77,327.82,327.03,327.28,589196.0
2020-01-29 14:05:00,326.6806,328.169,326.5674,327.8106,914731.0
2020-01-29 14:00:00,326.34,326.77,326.23,326.67,221288.0
2020-01-29 13:55:00,326.74,326.7966,326.3,326.3576,210847.0
2020-01-29 13:50:00,326.78,326.87,326.6,326.77,160754.0
2020-01-29 13:45:00,326.75,326.84,326.542,326.8,161733.0
2020-01-29 13:40:00,326.83,326.9,326.5701,326.74,204560.0
2020-01-29 13:35:00,326.77,326.92,326.63,326.84,210150.0
2020-01-29 13:30:00,326.6095,326.82,326.46,326.76,227871.0
2020-01-29 13:25:00,326.2,326.7349,326.18,326.6107,272621.0
2020-01-29 13:20:00,325.9972,326.4567,325.9413,326.2014,261127.0
2020-01-29 13:15:00,325.645,326.03,325.58,325.995,271167.0
2020-01-29 13:10:00,326.159,326.17,325.46,325.6197,343648.0
2020-01-29 13:05:00,326.3453,326.6526,326.1322,326.1533,405666.0
2020-01-29 13:00:00,326.52,326.76,326.3,326.34,251909.0
2020-01-29 12:55:00,326.77,327.0,326.53,326.53,323311.0
2020-01-29 12:50:00,326.875,326.9197,326.52,326.78,231079.0
2020-01-29 12:45:00,326.7131,327.2132,326.5625,326.8931,230881.0
2020-01-29 12:40:00,326.51,326.76,326.27,326.76,323774.0
2020-01-29 12:35:00,326.7637,327.0643,326.4337,326.5036,400856.0
2020-01-29 12:30:00,326.728,327.0248,326.63,326.73,255738.0
2020-01-29 12:25:00,327.13,327.13,326.53,326.71,401929.0
2020-01-29 12:20:00,327.34,327.4,326.96,327.1455,369051.0
2020-01-29 12:15:00,326.979,327.45,326.9001,327.349,342651.0
2020-01-29 12:10:00,327.6,327.92,326.85,326.99,534865.0
2020-01-29 12:05:00,327.1785,327.9344,327.0636,327.6318,652345.0
2020-01-29 12:00:00,327.635,327.8,327.15,327.15,651800.0
2020-01-29 11:55:00,327.2852,327.69,327.14,327.63,543898.0
2020-01-29 11:50:00,326.6271,327.5,326.6271,327.2894,773906.0
2020-01-29 11:45:00,326.54,327.0,326.46,326.6546,509876.0
2020-01-29 11:40:00,326.5261,327.0972,326.4567,326.5564,540395.0
2020-01-29 11:35:00,326.85,327.18,326.43,326.5112,772920.0
2020-01-29 11:30:00,326.904,327.0,326.6,326.85,785708.0
2020-01-29 11:25:00,326.4553,327.2031,326.4024,326.9153,628483.0
2020-01-29 11:20:00,326.3146,326.87,326.21,326.5,716810.0
2020-01-29 11:15:00,325.83,326.62,325.72,326.3,906468.0
2020-01-29 11:10:00,325.6271,326.3598,325.5591,325.8534,709235.0
2020-01-29 11:05:00,325.38,325.93,325.29,325.59,762636.0
2020-01-29 11:00:00,325.04,325.42,324.61,325.39,515209.0
2020-01-29 10:55:00,324.82,325.27,324.57,325.05,582711.0
2020-01-29 10:50:00,325.24,325.5,324.611,324.794,600988.0
2020-01-29 10:45:00,325.0925,325.7867,325.046,325.2005,798334.0
2020-01-29 10:40:00,324.6635,325.4951,324.5749,325.1056,716316.0
2020-01-29 10:35:00,324.28,325.5,324.2,324.6455,1132752.0
2020-01-29 10:30:00,324.48,324.79,324.1,324.2692,841950.0
2020-01-29 10:25:00,323.06,324.63,323.04,324.49,1051478.0
2020-01-29 10:20:00,322.9703,323.8974,322.8664,323.0974,880469.0
2020-01-29 10:15:00,322.662,323.3927,322.1516,322.942,842856.0
2020-01-29 10:10:00,321.9629,323.5196,321.6879,322.6617,1144225.0
2020-01-29 10:05:00,323.34,323.36,321.74,321.94,1322245.0
2020-01-29 10:00:00,324.24,324.48,322.8,323.36,1018574.0
2020-01-29 09:55:00,323.305,324.3888,323.305,324.38,1175966.0
2020-01-29 09:50:00,324.0,324.28,323.25,323.35,1197870.0
2020-01-29 09:45:00,324.4,325.18,323.99,323.99,1707610.0
2020-01-29 09:40:00,324.87,325.83,324.32,324.32,1901835.0
2020-01-29 09:35:00,324.5121,327.5566,324.2035,324.8646,6076811.0
2020-01-28 16:00:00,317.47,317.95,317.38,317.76,1442876.0
2020-01-28 15:55:00,317.6584,318.0379,317.2171,317.4683,1019410.0
2020-01-28 15:50:00,317.64,317.8,317.5,317.7058,532120.0
2020-01-28 15:45:00,317.31,317.6825,317.31,317.655,567093.0
2020-01-28 15:40:00,317.6901,317.73,317.13,317.2801,642664.0
2020-01-28 15:35:00,318.0,318.06,317.69,317.69,385343.0
2020-01-28 15:30:00,318.09,318.09,317.79,318.0,281380.0
2020-01-28 15:25:00,317.66,318.18,317.64,318.0877,378506.0
2020-01-28 15:20:00,318.0153,318.05,317.64,317.67,352884.0
2020-01-28 15:15:00,317.95,318.1784,317.91,318.0,363629.0
2020-01-28 15:10:00,318.15,318.23,317.9,317.93,389567.0
2020-01-28 15:05:00,318.3201,318.4,318.06,318.13,376714.0
2020-01-28 15:00:00,317.69,318.37,317.6862,318.35,485866.0
2020-01-28 14:55:00,317.72,317.8335,317.53,317.6787,270309.0
2020-01-28 14:50:00,317.42,317.83,317.37,317.72,338865.0
2020-01-28 14:45:00,317.38,317.56,317.28,317.43,180601.0
2020-01-28 14:40:00,317.3502,317.57,317.313,317.39,254282.0
2020-01-28 14:35:00,317.1172,317.4,317.02,317.36,232691.0
2020-01-28 14:30:00,317.485,317.51,317.06,317.12,246702.0
2020-01-28 14:25:00,317.5068,317.67,317.43,317.48,247232.0
2020-01-28 14:20:00,317.44,317.6,317.21,317.505,294062.0
2020-01-28 14:15:00,317.1363,317.49,317.115,317.4199,315697.0
2020-01-28 14:10:00,317.0449,317.1999,316.97,317.138,200562.0
2020-01-28 14:05:00,316.84,317.0976,316.81,317.06,300805.0
2020-01-28 14:00:00,316.7501,316.94,316.7501,316.84,183496.0
2020-01-28 13:55:00,316.6363,316.82,316.53,316.77,124273.0
2020-01-28 13:50:00,316.4,316.68,316.38,316.64,193777.0
2020-01-28 13:45:00,316.26,316.45,316.23,316.38,165738.0
2020-01-28 13:40:00,316.6336,316.6336,316.13,316.27,253435.0
2020-01-28 13:35:00,316.59,316.85,316.45,316.62,201177.0
2020-01-28 13:30:00,316.5,316.7,316.42,316.5705,166565.0
2020-01-28 13:25:00,316.4322,316.61,316.24,316.48,175542.0
2020-01-28 13:20:00,316.59,316.5958,316.3,316.44,156818.0
2020-01-28 13:15:00,316.3701,316.644,316.25,316.605,212464.0
2020-01-28 13:10:00,316.25,316.4775,316.11,316.36,263726.0
2020-01-28 13:05:00,316.71,316.75,316.22,316.28,234347.0
2020-01-28 13:00:00,316.45,316.77,316.43,316.7,202539.0
2020-01-28 12:55:00,316.12,316.69,316.01,316.4582,362967.0
2020-01-28 12:50:00,316.74,316.74,316.1003,316.1218,335078.0
2020-01-28 12:45:00,316.87,316.9,316.69,316.7311,174922.0
2020-01-28 12:40:00,317.06,317.15,316.78,316.81,201763.0
2020-01-28 12:35:00,316.8,317.17,316.7,317.0313,310936.0
2020-01-28 12:30:00,316.71,316.94,316.7,316.8069,206481.0
2020-01-28 12:25:00,316.66,316.78,316.52,316.6896,238445.0
2020-01-28 12:20:00,316.75,316.81,316.5,316.66,264403.0
2020-01-28 12:15:00,316.62,316.94,316.615,316.775,264756.0
2020-01-28 12:10:00,316.46,316.75,316.46,316.61,220203.0
2020-01-28 12:05:00,316.5324,316.58,316.33,316.445,209590.0
2020-01-28 12:00:00,316.68,316.79,316.4,316.53,236653.0
2020-01-28 11:55:00,316.1301,316.75,316.1301,316.7,460597.0
2020-01-28 11:50:00,315.83,316.17,315.61,316.1558,286409.0
2020-01-28 11:45:00,315.97,316.13,315.83,315.8338,177609.0
2020-01-28 11:40:00,316.1,316.1,315.78,315.93,202397.0
2020-01-28 11:35:00,315.965,316.24,315.85,316.13,268184.0
2020-01-28 11:30:00,316.0893,316.22,315.76,315.9656,337226.0
2020-01-28 11:25:00,315.86,316.1,315.72,316.09,424695.0
2020-01-28 11:20:00,315.1928,315.9599,315.0,315.86,451714.0
2020-01-28 11:15:00,315.28,315.4099,315.01,315.205,316278.0
2020-01-28 11:10:00,315.27,315.73,315.14,315.2964,367800.0
2020-01-28 11:05:00,315.8163,315.89,315.13,315.2624,538237.0
2020-01-28 11:00:00,315.45,315.86,315.25,315.82,476716.0
2020-01-28 10:55:00,314.9192,315.67,314.91,315.4433,728173.0
2020-01-28 10:50:00,314.9383,315.3303,314.8398,314.9183,417159.0
2020-01-28 10:45:00,314.52,315.04,314.4,314.89,643773.0
2020-01-28 10:40:00,314.4112,314.6366,314.23,314.51,455898.0
2020-01-28 10:35:00,313.5917,314.41,313.58,314.41,641500.0
2020-01-28 10:30:00,313.2849,313.7,313.16,313.57,445486.0
2020-01-28 10:25:00,313.0117,313.5936,312.8028,313.3072,380956.0
2020-01-28 10:20:00,313.14,313.32,312.88,312.9917,488159.0
2020-01-28 10:15:00,312.8545,313.22,312.68,313.15,417222.0
2020-01-28 10:10:00,312.65,312.9399,312.58,312.85,367383.0
2020-01-28 10:05:00,313.0,313.4,312.42,312.6357,479772.0
2020-01-28 10:00:00,313.43,313.61,312.68,312.97,605807.0
2020-01-28 09:55:00,313.2654,313.41,313.08,313.39,503762.0
2020-01-28 09:50:00,313.32,313.6756,313.0018,313.2429,563839.0
2020-01-28 09:45:00,313.2517,313.8038,313.2032,313.5217,636840.0
2020-01-28 09:40:00,313.3926,313.9405,313.2098,313.2199,778589.0
2020-01-28 09:35:00,312.6061,314.2471,312.4357,313.3261,2499714.0
2020-01-27 16:00:00,309.01,309.46,304.9,308.95,1144008.0
2020-01-27 15:55:00,308.71,309.35,308.63,309.06,760187.0
2020-01-27 15:50:00,309.505,309.81,308.7,308.7,411354.0
2020-01-27 15:45:00,309.3427,309.67,309.1497,309.5,326086.0
2020-01-27 15:40:00,309.24,309.49,309.06,309.345,290547.0
2020-01-27 15:35:00,309.2224,309.7264,309.1462,309.2924,457608.0
2020-01-27 15:30:00,309.28,309.47,309.02,309.2135,281631.0
2020-01-27 15:25:00,309.52,309.68,309.02,309.3,252696.0
2020-01-27 15:20:00,309.0259,309.8,309.0213,309.52,355941.0
2020-01-27 15:15:00,309.03,309.4414,308.9203,309.0436,390209.0
2020-01-27 15:10:00,308.9435,309.38,308.87,309.06,314787.0
2020-01-27 15:05:00,309.49,309.59,308.802,308.9891,361765.0
2020-01-27 15:00:00,309.26,309.69,308.94,309.52,454780.0
2020-01-27 14:55:00,309.7097,310.334,309.2531,309.2998,475115.0
2020-01-27 14:50:00,310.42,310.4268,309.61,309.6973,290126.0
2020-01-27 14:45:00,310.86,310.944,310.3469,310.42,225005.0
2020-01-27 14:40:00,311.0,311.2,310.64,310.89,209641.0
2020-01-27 14:35:00,310.96,311.1,310.77,311.0,213564.0
2020-01-27 14:30:00,310.8132,311.08,310.77,310.9599,163178.0
2020-01-27 14:25:00,311.06,311.1,310.57,310.79,151927.0
2020-01-27 14:20:00,310.88,311.15,310.8602,311.0603,208445.0
2020-01-27 14:15:00,310.667,310.98,310.66,310.9052,174103.0
2020-01-27 14:10:00,310.59,310.7813,310.58,310.665,503545.0
2020-01-27 14:00:00,310.45,310.54,310.25,310.25,99007.0
2020-01-27 13:55:00,310.73,310.7798,310.36,310.4,155113.0
2020-01-27 13:50:00,310.5332,310.8173,310.45,310.72,169201.0
2020-01-27 13:45:00,310.9546,310.97,310.51,310.58,186947.0
2020-01-27 13:40:00,310.9801,311.2,310.92,310.97,158175.0
2020-01-27 13:35:00,311.14,311.295,310.89,310.99,194272.0
2020-01-27 13:30:00,311.1082,311.5016,310.951,311.1482,202603.0
2020-01-27 13:25:00,311.18,311.5,311.04,311.09,222329.0
2020-01-27 13:20:00,310.725,311.31,310.67,311.1768,167442.0
2020-01-27 13:15:00,310.71,310.82,310.5,310.73,213477.0
2020-01-27 13:10:00,311.2699,311.2699,310.65,310.72,188955.0
2020-01-27 13:05:00,311.18,311.6,311.02,311.24,286754.0
2020-01-27 13:00:00,311.41,311.48,310.91,311.18,306291.0
2020-01-27 12:55:00,311.5192,311.59,311.16,311.4,238112.0
2020-01-27 12:50:00,311.2461,311.7852,311.1547,311.5211,315392.0
2020-01-27 12:45:00,310.7309,311.24,310.56,311.23,215916.0
2020-01-27 12:40:00,310.9,310.97,310.5231,310.74,206396.0
2020-01-27 12:35:00,310.64,310.9799,310.64,310.8274,204233.0
2020-01-27 12:30:00,310.7677,311.09,310.5443,310.71,256377.0
2020-01-27 12:25:00,310.25,310.955,310.25,310.7576,317582.0
2020-01-27 12:20:00,310.352,310.76,310.2166,310.23,306534.0
2020-01-27 12:15:00,310.2448,310.6903,310.17,310.34,345561.0
2020-01-27 12:10:00,309.585,310.27,309.53,310.23,445557.0
2020-01-27 12:05:00,309.406,309.8637,309.3533,309.6261,286614.0
2020-01-27 12:00:00,309.0,309.7,308.97,309.39,273328.0
2020-01-27 11:55:00,309.12,309.46,309.0,309.02,252146.0
2020-01-27 11:50:00,309.5699,309.6,309.15,309.15,252879.0
2020-01-27 11:45:00,309.415,309.8581,309.2976,309.575,338623.0
2020-01-27 11:40:00,308.04,309.43,308.04,309.41,584592.0
2020-01-27 11:35:00,308.31,308.549,307.86,308.0318,400636.0
2020-01-27 11:30:00,308.29,308.7,308.15,308.33,368318.0
2020-01-27 11:25:00,307.8415,308.9893,307.8182,308.2816,578051.0
2020-01-27 11:20:00,308.74,308.75,307.75,307.81,559137.0
2020-01-27 11:15:00,308.9761,309.3733,308.7135,308.7522,433249.0
2020-01-27 11:10:00,309.91,309.91,309.0,309.1638,300521.0
2020-01-27 11:05:00,309.42,310.0499,309.272,309.9,417629.0
2020-01-27 11:00:00,308.96,309.77,308.88,309.44,438539.0
2020-01-27 10:55:00,309.21,309.55,308.94,308.95,532260.0
2020-01-27 10:50:00,309.79,310.0,309.12,309.2038,477660.0
2020-01-27 10:45:00,310.512,310.512,309.7,309.8059,382103.0
2020-01-27 10:40:00,310.12,310.8,310.07,310.5201,386154.0
2020-01-27 10:35:00,311.1308,311.2,310.07,310.1,401080.0
2020-01-27 10:30:00,310.7825,311.6883,310.6373,311.1625,537258.0
2020-01-27 10:25:00,310.2761,311.0746,309.9087,310.7461,632439.0
2020-01-27 10:20:00,310.7931,311.2892,310.2382,310.2486,592649.0
2020-01-27 10:15:00,311.7482,312.0521,310.6475,310.8382,580653.0
2020-01-27 10:10:00,311.2701,312.0433,311.0023,311.7301,787500.0
2020-01-27 10:05:00,311.51,312.03,311.18,311.26,666175.0
2020-01-27 10:00:00,311.35,311.79,310.55,311.43,758970.0
2020-01-27 09:55:00,309.8596,311.3168,309.8596,311.3168,738281.0
2020-01-27 09:50:00,309.9,310.8999,309.9,310.19,1085877.0
2020-01-27 09:45:00,309.8861,310.5942,308.8829,310.2161,1310898.0
2020-01-27 09:40:00,309.1229,310.4784,308.3664,309.983,1450987.0
2020-01-27 09:35:00,308.9731,309.7198,306.1864,309.1281,5705852.0
